每幅图像的标定误差：
第1幅图像的平均误差：0.0843808像素
第2幅图像的平均误差：0.0689776像素
第3幅图像的平均误差：0.0477456像素
第4幅图像的平均误差：0.0709213像素
第5幅图像的平均误差：0.068019像素
第6幅图像的平均误差：0.057372像素
第7幅图像的平均误差：0.0475263像素
第8幅图像的平均误差：0.0526692像素
总体平均误差：0.0622015像素

相机内参数矩阵：
[461.7395935354032, 0, 421.5937309320984;
 0, 456.0748218677098, 273.9234993563617;
 0, 0, 1]

畸变系数：
[0.01499696934505108, -0.04478642717277901, -0.00156518969555487, -0.001195448297687824, 0.03251962023588087]


第1幅图像的旋转向量：
[-1.909057144189882;
 -2.324157100043975;
 -0.05094955673013021]
第1幅图像的旋转矩阵：
[-0.1891673190121377, 0.9785639658550809, -0.08141431168864946;
 0.974056123925455, 0.197490043886218, 0.1105095018952605;
 0.1242191324276533, -0.05839732267661157, -0.9905348857274664]
第1幅图像的平移向量：
[-24.04042220350194;
 -40.05554578553255;
 107.4298221059838]

第2幅图像的旋转向量：
[2.174149682045849;
 2.140859240456943;
 0.1557796235774417]
第2幅图像的旋转矩阵：
[0.01462863136846249, 0.991025801957902, 0.1328678403451448;
 0.9998210319850082, -0.01609210016971008, 0.009947276640428188;
 0.01199613040604457, 0.1326985462084091, -0.991083845438647]
第2幅图像的平移向量：
[-48.95907469250334;
 -23.30540167511018;
 77.40945591046687]

第3幅图像的旋转向量：
[-1.773430774184991;
 -1.96751334927959;
 -0.333471161752365]
第3幅图像的旋转矩阵：
[-0.05640935353618159, 0.9823906219029811, -0.1781197654127796;
 0.8688330775159431, 0.1361943992644744, 0.4760043792058679;
 0.4918811525641177, -0.1279052446386089, -0.8612161053685263]
第3幅图像的平移向量：
[-26.41042635649347;
 -29.10271570895724;
 113.8699172463473]

第4幅图像的旋转向量：
[1.99737567904463;
 2.1029496396817;
 -0.286863704925215]
第4幅图像的旋转矩阵：
[-0.0470322588591422, 0.9984638354321136, 0.02929054388023625;
 0.9541392629281327, 0.05358453579779088, -0.2945283763278083;
 -0.2956454524689436, 0.01409492311184041, -0.9551937497580817]
第4幅图像的平移向量：
[-26.74839920024728;
 -8.261840879648167;
 114.7948898231459]

第5幅图像的旋转向量：
[1.955294335189511;
 1.958666071701955;
 0.4608173766241833]
第5幅图像的旋转矩阵：
[9.143705943992497e-05, 0.8916949341661924, 0.4526368699317521;
 0.999971247295941, 0.003350644615836118, -0.006802776055282483;
 -0.007582626237928269, 0.4526244774236232, -0.8916689891525487]
第5幅图像的平移向量：
[-54.88240399612041;
 -23.08281929279641;
 94.4635022027107]

第6幅图像的旋转向量：
[-2.196406440436649;
 -2.140871927381873;
 0.2340420445606784]
第6幅图像的旋转矩阵：
[0.02071804225332241, 0.9878390111836679, -0.1540936426620615;
 0.9977998353036959, -0.03013853564094182, -0.05905215777037593;
 -0.06297818188156321, -0.152531166169715, -0.9862900141204916]
第6幅图像的平移向量：
[-23.60959683145396;
 -12.81742001008012;
 138.3210636907508]

第7幅图像的旋转向量：
[-1.994102537884548;
 -1.840041210718176;
 -0.1501431488114835]
第7幅图像的旋转矩阵：
[0.1178240473970399, 0.9724505722410099, -0.2011401958911056;
 0.926978659957032, -0.03506631562612772, 0.3734714413347745;
 0.3561292712474576, -0.2304565860559013, -0.9055725835647929]
第7幅图像的平移向量：
[-30.85733278211264;
 -16.11046021686018;
 123.4814174240793]

第8幅图像的旋转向量：
[2.120120367483642;
 2.163642828053396;
 0.3050828721230012]
第8幅图像的旋转矩阵：
[-0.02773186490246915, 0.9777182999107819, 0.2080814015922651;
 0.9971346039092359, 0.01240075993391987, 0.07462441182235365;
 0.07038128555093437, 0.2095546400646656, -0.9752606459155246]
第8幅图像的平移向量：
[-51.20269241562839;
 -34.98185405245348;
 95.08847946002038]


